function [map] = dusk
% DUSK colormap for Probability Density Function (PDF)
% 
% Author: Miroslav HALLO
% Swiss Seismological Service, ETH Zurich, 2019/11
% 
% Copyright (C) 2019 Miroslav Hallo
% This program is published under the GNU General Public License (GNU GPL).
% 
%%%%%%%%%%%%%%%%%%%%%%%%%%%%%%%%%%%%%%%%%%%%%%%%%%%%%%%%%%%%%%%%%%%%
%
% OUTPUT:
% map(:,1:3) - Colormap
% 
%%%%%%%%%%%%%%%%%%%%%%%%%%%%%%%%%%%%%%%%%%%%%%%%%%%%%%%%%%%%%%%%%%%%

map = [
1  1  0.990000000000000
1  1  0.930929686420777
1  1  0.861859372841553
1  1  0.792789059262330
1  1  0.723718745683105
1  1  0.654648432103882
1  1  0.585578118524658
1  1  0.516507804945435
1  0.989791948919503  0.5
1  0.976377952755906  0.5
1  0.962963956592309  0.5
1  0.949549960428711  0.5
1  0.936135964265114  0.5
1  0.922721968101517  0.5
1  0.909307971937920  0.5
1  0.895893975774323  0.5
1  0.882479979610726  0.5
1  0.869065983447129  0.5
1  0.855651987283532  0.5
1  0.842237991119935  0.5
1  0.828823994956337  0.5
1  0.815409998792740  0.5
1  0.801996002629143  0.5
1  0.788582006465546  0.5
1  0.775168010301949  0.5
1  0.761754014138352  0.5
1  0.748340017974755  0.5
1  0.734926021811158  0.5
1  0.721512025647561  0.5
1  0.708098029483964  0.5
1  0.694684033320367  0.5
1  0.681270037156770  0.5
1  0.667856040993172  0.5
1  0.654442044829575  0.5
1  0.641028048665978  0.5
1  0.627614052502381  0.5
1  0.614200056338784  0.5
1  0.600786060175187  0.5
1  0.587372064011590  0.5
1  0.573958067847993  0.5
1  0.560544071684396  0.5
1  0.547130075520799  0.5
1  0.533716079357201  0.5
1  0.520302083193604  0.5
1  0.506888087030007  0.5
0.987188265346430  0.5  0.5
0.960853764516894  0.5  0.5
0.934519263687357  0.5  0.5
0.908184762857820  0.5  0.5
0.881850262028283  0.5  0.5
0.855515761198747  0.5  0.5
0.829181260369210  0.5  0.5
0.802846759539673  0.5  0.5
0.776512258710136  0.5  0.5
0.750177757880599  0.5  0.5
0.723843257051063  0.5  0.5
0.697508756221526  0.5  0.5
0.671174255391989  0.5  0.5
0.644839754562453  0.5  0.5
0.618505253732916  0.5  0.5
0.592170752903379  0.5  0.5
0.565836252073842  0.5  0.5
0.539501751244305  0.5  0.5
0.513167250414768  0.5  0.5
0.486832749585232  0.5  0.5
0.460498248755695  0.5  0.5
0.434163747926158  0.5  0.5
0.407829247096621  0.5  0.5
0.381494746267085  0.5  0.5
0.355160245437548  0.5  0.5
0.328825744608011  0.5  0.5
0.302491243778474  0.5  0.5
0.276156742948937  0.5  0.5
0.249822242119401  0.5  0.5
0.223487741289864  0.5  0.5
0.197153240460327  0.5  0.5
0.170818739630790  0.5  0.5
0.144484238801254  0.5  0.5
0.118149737971717  0.5  0.5
0.091815237142180  0.5  0.5
0.065480736312643  0.5  0.5
0.039146235483107  0.5  0.5
0.012811734653570  0.5  0.5
0  0.493111912969993  0.5
0  0.479697916806396  0.5
0  0.466283920642799  0.5
0  0.452869924479202  0.5
0  0.439455928315605  0.5
0  0.426041932152008  0.5
0  0.412627935988410  0.5
0  0.399213939824813  0.5
0  0.385799943661216  0.5
0  0.372385947497619  0.5
0  0.358971951334022  0.5
0  0.345557955170425  0.5
0  0.332143959006828  0.5
0  0.318729962843231  0.5
0  0.305315966679634  0.5
0  0.291901970516037  0.5
0  0.278487974352439  0.5
0  0.265073978188842  0.5
0  0.251659982025245  0.5
0  0.238245985861648  0.5
0  0.224831989698051  0.5
0  0.211417993534454  0.5
0  0.198003997370857  0.5
0  0.184590001207260  0.5
0  0.171176005043663  0.5
0  0.157762008880066  0.5
0  0.144348012716468  0.5
0  0.130934016552871  0.5
0  0.117520020389274  0.5
0  0.104106024225677  0.5
0  0.0906920280620800  0.5
0  0.0772780318984829  0.5
0  0.0638640357348858  0.5
0  0.0504500395712887  0.5
0  0.0370360434076916  0.5
0  0.0236220472440945  0.5
0  0.0102080510804974  0.5
0  0  0.483492195054566
0  0  0.414421881475342
0  0  0.345351567896118
0  0  0.276281254316895
0  0  0.207210940737671
0  0  0.138140627158447
0  0  0.069070313579224
0  0  0
];

end
